#Punto Sigma_B Eta_B stetson_L_B CuSum_B B-R
3 -0.0281821306995 2.07823056085 0.257588537789 0.171757106076 -0.2921
4 -0.0264856646187 2.1658007314 0.209355714312 0.137086268641 -0.2974
5 -0.0247894171314 2.14935751546 0.072269552446 0.120660598974 -0.30268
6 -0.0227693110026 2.14303668929 0.158574819583 0.107588771403 -0.30285
7 -0.0212006533151 2.14340457747 0.217503198517 0.0983711629216 -0.307085714286
8 -0.020041533037 2.13443064423 0.270597172086 0.0902656007354 -0.3100125
9 -0.0189508962166 2.13163771314 0.277287884745 0.0847263693062 -0.311955555556
10 -0.0180486622465 2.12250891526 0.275783466366 0.0797293025267 -0.31168
11 -0.0172394558883 2.12319258868 0.30676481672 0.0756998586847 -0.312190909091
12 -0.0165983659915 2.11179199309 0.360381920124 0.0739017353604 -0.312333333333
13 -0.016009263621 2.10377711877 0.305191888401 0.0745879934276 -0.310715384615
14 -0.0155595535152 2.07904694652 0.386653902817 0.0759808334439 -0.310878571429
15 -0.0151326607771 2.07296464257 0.45581952452 0.0763002553308 -0.312226666667
16 -0.0147761324517 2.06164265667 0.474469991153 0.0836181550819 -0.311575
17 -0.0143858507891 2.05348802148 0.523391063214 0.0884479711875 -0.311523529412
18 -0.0141938582483 2.00816384559 0.550107555891 0.101381063301 -0.311222222222
19 -0.0138637592697 2.00780432535 0.576108968156 0.105472665393 -0.312257894737
20 -0.0135710514911 1.99531109583 0.662454721344 0.112258559622 -0.31317
21 -0.0133656555628 1.97686558102 0.692743732595 0.121413677242 -0.313661904762
22 -0.0131607296567 1.95200773694 0.726936068381 0.129531081009 -0.313436363636
23 -0.0129299816415 1.947517944 0.737204524563 0.131520225986 -0.314573913043
24 -0.0128602801648 1.90493749272 0.752441161909 0.138228962516 -0.313525
25 -0.0127038803881 1.88540939618 0.775090985239 0.144271346353 -0.313928
26 -0.0125428213438 1.86667287816 0.794536788921 0.149836740284 -0.314430769231
27 -0.0124765910158 1.85090332497 0.808114701301 0.155435242903 -0.314077777778
28 -0.0123177127019 1.8416366398 0.823915631015 0.158263131592 -0.315835714286
29 -0.0122973399264 1.7991852049 0.867514880614 0.166796815262 -0.315682758621
30 -0.0121197255021 1.79567580712 0.856597152344 0.167377189293 -0.31597
31 -0.0119643025872 1.79027346887 0.871024519841 0.169261662617 -0.317161290323
32 -0.011814504993 1.7812583694 0.910610094294 0.171828097 -0.318246875
33 -0.0116925357716 1.77169563491 0.920490424147 0.174390384258 -0.318521212121
34 -0.0115634077847 1.76575881292 0.930027615651 0.17592433695 -0.319173529412
35 -0.0114296035655 1.76155212151 0.946924853239 0.176111176686 -0.319754285714
36 -0.0113774180686 1.7430321034 0.979794654603 0.179717929131 -0.320105555556
37 -0.0112739359716 1.73488960669 0.978610194984 0.181865736278 -0.321297297297
38 -0.0111681123458 1.72780778299 1.01183173331 0.182892311713 -0.322123684211
39 -0.0110750153864 1.71532175878 1.06403119092 0.18618970304 -0.322823076923
40 -0.011147801242 1.70680016515 1.0864423215 0.190248990057 -0.323325
41 -0.0110792331736 1.69300029047 1.12907827191 0.192880252197 -0.324248780488
42 -0.0110325499568 1.67937673374 1.15513012309 0.195661576532 -0.324614285714
43 -0.0109787188769 1.66012526387 1.18921852842 0.198723824136 -0.325188372093
44 -0.011023687769 1.67132679996 1.20786422238 0.198279425889 -0.326309090909
45 -0.011100135089 1.63379295968 1.22029579236 0.202201597761 -0.325988888889
46 -0.0111686051728 1.60297774613 1.23258436722 0.20569169527 -0.326667391304
47 -0.0111077052264 1.60565398816 1.22905979509 0.207367854258 -0.327223404255
48 -0.0110836408602 1.58603972734 1.258232216 0.210227734783 -0.327385416667
49 -0.0110202438465 1.58265057156 1.25606207511 0.21091102132 -0.327808163265
50 -0.0109457561606 1.57527704543 1.25010792648 0.212255306528 -0.327962
51 -0.0109256947154 1.56308140166 1.25564162449 0.214885142428 -0.328529411765
52 -0.0108523804867 1.56381845337 1.26532716601 0.215962898426 -0.328684615385
53 -0.0107969413312 1.56800225376 1.25366916346 0.215557881958 -0.329188679245
54 -0.0107263752397 1.56207037481 1.26832701908 0.216915378758 -0.329561111111
55 -0.0106689970221 1.56062848141 1.28250370432 0.21744542093 -0.330223636364
56 -0.010672133789 1.54029954353 1.28685076426 0.219793201999 -0.330769642857
57 -0.0106445498829 1.52732702324 1.29669872383 0.221665088364 -0.331280701754
58 -0.0105842650398 1.52049835787 1.29766397901 0.222659236752 -0.331905172414
59 -0.0105286534034 1.51728438615 1.29107964428 0.222069746116 -0.332286440678
60 -0.0104511512955 1.51783601106 1.291553377 0.22127919637 -0.333036666667
61 -0.0103802553596 1.51670381679 1.28624815264 0.22036577416 -0.333690163934
62 -0.0103241358017 1.51209204299 1.30133622506 0.221087967516 -0.334367741935
63 -0.0103050929364 1.49938696784 1.32901843837 0.222300604006 -0.335112698413
64 -0.0102904690892 1.49120796392 1.35287988248 0.223513068256 -0.335628125
65 -0.0102929195737 1.47898373427 1.36708462002 0.225223951615 -0.336206153846
66 -0.0102587522188 1.47739618017 1.38041214528 0.225216800882 -0.336878787879
67 -0.0103278159871 1.46588495345 1.38494988499 0.225888384023 -0.337070149254
68 -0.0102970373887 1.46778805102 1.38470543984 0.22604654332 -0.337497058824
69 -0.0102964610704 1.45777264831 1.3909414292 0.226662238089 -0.338115942029
70 -0.0102770882252 1.44726718782 1.38889161423 0.227517029786 -0.33855
71 -0.0102411279194 1.43858385497 1.40319418132 0.228100269176 -0.339036619718
72 -0.0101857209082 1.43636700342 1.39910820757 0.227725740381 -0.3396875
73 -0.0101257494566 1.43666388823 1.37907313891 0.227127019991 -0.340334246575
74 -0.0100680649684 1.43777210657 1.37191392387 0.225850716685 -0.341112162162
75 -0.0100262198203 1.43244020575 1.40068620721 0.226586588997 -0.341817333333
76 -0.0100420804304 1.41692803452 1.41514132762 0.229337772539 -0.342115789474
77 -0.0100123274549 1.40983991439 1.41808775967 0.230991051982 -0.342551948052
78 -0.0100485575325 1.39328240602 1.42497899862 0.233155210976 -0.342716666667
79 -0.010044438517 1.38287408752 1.43946465721 0.235279025679 -0.343141772152
80 -0.010028395855 1.37631187609 1.44318065482 0.236440994875 -0.34366625
81 -0.0101773560288 1.35677958875 1.43894051308 0.23638603163 -0.343654320988
82 -0.0103376503736 1.3899669237 1.4284925216 0.234757886025 -0.344174390244
83 -0.0103767928641 1.38375989913 1.4257164777 0.232718307542 -0.344597590361
84 -0.0103310372118 1.38430398137 1.42962899179 0.232868844218 -0.34503452381
85 -0.0102858208665 1.38410303038 1.41934120097 0.232321168875 -0.345644705882
86 -0.0102346999957 1.3823386343 1.42055043184 0.232321894102 -0.346334883721
87 -0.0101839758564 1.38153776035 1.41300324241 0.231877995346 -0.346993103448
88 -0.0101420003862 1.37838978471 1.42253455343 0.232453673448 -0.347542045455
89 -0.010095261654 1.3781682279 1.42194422002 0.232473796116 -0.348438202247
90 -0.0100690224546 1.37322962516 1.43475856939 0.233478404812 -0.349306666667
91 -0.010055189639 1.36404947866 1.43896797316 0.235000705575 -0.349527472527
92 -0.01004211848 1.35565283083 1.44625301925 0.236402581533 -0.349835869565
93 -0.0100289144076 1.35747080264 1.45327342956 0.237024969749 -0.350638709677
94 -0.00998889063973 1.35462914192 1.46210918177 0.237484842599 -0.351173404255
95 -0.00995210899062 1.35515811614 1.45652097885 0.237352316427 -0.351732631579
96 -0.00993825526613 1.35033907661 1.46192747594 0.237741785738 -0.352252083333
97 -0.00995439672512 1.33585382821 1.47573775239 0.239014815212 -0.352508247423
98 -0.0099608095746 1.32514890611 1.48336462395 0.240059799298 -0.354056122449
99 -0.00996823971885 1.31590091642 1.48904849742 0.240995039163 -0.354263636364
100 -0.00997155732932 1.30720908114 1.48613575133 0.241876079476 -0.354459
101 -0.0100030503792 1.28968146528 1.50825419142 0.243065980293 -0.35525049505
102 -0.0100039940612 1.27878183053 1.53011720036 0.244230585417 -0.355999019608
1056 -0.00992706321605 1.26749454185 1.53802878632 0.24484946357 -0.357285984848
