#Punto Sigma_B Eta_B stetson_L_B CuSum_B B-R
3 -0.00455699738093 1.42167525283 0.813319841104 0.240201786811 -0.197833333333
4 -0.00422349972871 1.36021896838 0.776269798629 0.25458770584 -0.198225
5 -0.00385444914831 1.4089301025 0.67507610209 0.238976704501 -0.19862
6 -0.00363359315998 1.42086565143 0.758866555772 0.23556763701 -0.201083333333
7 -0.00364142303962 1.49347140279 0.894125901376 0.205910640231 -0.2024
8 -0.00344520926494 1.50609162246 0.861398598144 0.211036428853 -0.2026625
9 -0.00334025661351 1.45713500381 0.87181917286 0.225527056001 -0.202433333333
10 -0.00341263650851 1.3050278059 0.909860220172 0.24471953694 -0.20066
11 -0.00340307024365 1.21930466451 0.950444591944 0.25420536787 -0.201590909091
12 -0.00350902265399 1.19658666741 1.07836697954 0.256536668632 -0.201075
13 -0.0034627277999 1.16260445624 1.06634385943 0.261513590457 -0.201423076923
14 -0.00346720989737 1.1053754909 1.12582232354 0.276424276848 -0.200957142857
15 -0.00346465909246 1.07746131767 1.15027759015 0.286168493984 -0.200993333333
16 -0.00349322527819 1.01073592542 1.1622288982 0.296635431529 -0.20064375
17 -0.00349954070953 0.960256159994 1.10562070833 0.306589919144 -0.200241176471
18 -0.00342778075382 0.978050852812 1.06032552537 0.300054818523 -0.200477777778
19 -0.00338032294817 0.98168615901 1.03906377436 0.29943373632 -0.200836842105
20 -0.0033168596979 0.986508299285 1.03001028845 0.293427796799 -0.201295
21 -0.00329575322078 0.98846033291 1.03599651613 0.291218136878 -0.201814285714
22 -0.00342258847799 0.903144958415 1.05893165121 0.293659018827 -0.201268181818
23 -0.00351429967225 0.856747704349 1.11572416526 0.296555646372 -0.201430434783
24 -0.00366289240046 0.776931582579 1.20687061713 0.298687680245 -0.201041666667
25 -0.0037422079374 0.752049379383 1.24412271134 0.299766639559 -0.201056
26 -0.00397782582717 0.698169818066 1.37621332362 0.2965873353 -0.200646153846
27 -0.00409305987048 0.676630270798 1.4159887069 0.297308057254 -0.199785185185
28 -0.00423537300897 0.623469242363 1.46190596159 0.299497484984 -0.198582142857
29 -0.00430405505547 0.617285812626 1.48189707887 0.310712764386 -0.197955172414
30 -0.00434113561495 0.595888878357 1.5181091702 0.324729486835 -0.197953333333
31 -0.00430453514991 0.592668600854 1.55368667869 0.330405206311 -0.197987096774
32 -0.00430505737437 0.58320161028 1.62574579281 0.338145789495 -0.19806875
33 -0.00428574256647 0.580816503052 1.68925146026 0.34309840199 -0.198154545455
34 -0.0042609281347 0.60461248697 1.68735345777 0.343257609786 -0.198291176471
35 -0.0042150068652 0.607115272777 1.70223455237 0.344063744488 -0.198777142857
36 -0.00417287346621 0.605678667581 1.73030633332 0.345542950057 -0.1991
37 -0.00415367278049 0.601318965852 1.77170867672 0.34839245622 -0.199110810811
38 -0.0041370221515 0.605979652841 1.79719222623 0.350233913727 -0.199071052632
39 -0.00422424961378 0.590897978315 1.85803870481 0.353735092678 -0.199420512821
40 -0.00432039347613 0.567520939425 1.92947150638 0.358178580228 -0.1991425
41 -0.00435174075301 0.551605821788 1.93213154055 0.362321833528 -0.198773170732
42 -0.00446301224558 0.524929343233 1.97572016583 0.365543825743 -0.198257142857
43 -0.00458295499389 0.496607607196 1.99858159551 0.36750788669 -0.198281395349
44 -0.00462706233196 0.481130004105 2.0250241874 0.37006167655 -0.197961363636
45 -0.00468102491289 0.464346802415 2.03258849714 0.37223088447 -0.197428888889
46 -0.00470877686527 0.459001921201 2.09925276849 0.373509692485 -0.197569565217
47 -0.00474881403599 0.463370269161 2.11443822211 0.374187454869 -0.197340425532
48 -0.00475675509416 0.458608876106 2.1265344324 0.374899288172 -0.19729375
49 -0.00485157457668 0.433704411453 2.21505182706 0.374866083335 -0.197253061224
50 -0.00505595249077 0.400080838791 2.28250291073 0.371103053085 -0.19711
51 -0.0052923877587 0.36179985259 2.3263546805 0.366469486466 -0.196941176471
52 -0.00560383030204 0.323087983595 2.38310385 0.35945826659 -0.196511538462
53 -0.00584637428158 0.29297684469 2.4747597292 0.355400910247 -0.196164150943
54 -0.00601974485577 0.276596225707 2.54030077575 0.354186887939 -0.195883333333
55 -0.00618861927972 0.264817840882 2.61868966361 0.352944185636 -0.195674545455
56 -0.00643234348767 0.24297321977 2.68097511734 0.350102649024 -0.195626785714
57 -0.00672237058065 0.220282720411 2.82670939505 0.355293531274 -0.195703508772
58 -0.00702299871041 0.202265455204 3.03536819109 0.361183507024 -0.19589137931
59 -0.00724827611105 0.188953330413 3.24298182338 0.36745327865 -0.19616440678
60 -0.0075382368159 0.172668122989 3.48508626389 0.37225694149 -0.196356666667
61 -0.0077319179522 0.162494155289 3.71575430876 0.377495413173 -0.196427868852
62 -0.00789722128712 0.157090661109 3.92905306981 0.382123301429 -0.196640322581
63 -0.00799899007659 0.151856840557 4.09898760617 0.386676443973 -0.196549206349
64 -0.00812662996907 0.146360394993 4.30189479003 0.3906941922 -0.19646875
65 -0.00818694916139 0.143925118565 4.37042714086 0.393862681901 -0.196406153846
66 -0.00822971110535 0.144373654234 4.44885248277 0.397108375797 -0.196236363636
67 -0.00830544548259 0.141302229779 4.61643710505 0.400411689969 -0.196207462687
68 -0.00843427160915 0.136065711874 4.7921865754 0.403166647361 -0.196275
69 -0.00866183362584 0.128164323764 5.05954188458 0.40434430092 -0.196594202899
70 -0.00887241483755 0.122880643335 5.22525427581 0.405437924646 -0.196722857143
71 -0.00907179253884 0.119227963851 5.38507691178 0.40689173135 -0.196538028169
72 -0.00920434234336 0.115936370465 5.53277412294 0.409251865647 -0.196959722222
73 -0.00934247482253 0.11142049683 5.68142751168 0.411866399539 -0.197173972603
74 -0.00952394912403 0.106449757932 5.9258768063 0.415691919391 -0.197441891892
75 -0.00971384275643 0.102161310748 6.10326046424 0.419047394151 -0.197517333333
76 -0.00993570731151 0.0970912593056 6.29394216275 0.421686748801 -0.197488157895
798 -0.01072145674 0.0840272690956 7.04251890135 0.429414825227 -0.199532581454
