#Punto Sigma_B Eta_B stetson_L_B CuSum_B B-R
3 -0.00411125892831 2.50807879402 -0.227425783931 0.146148271478 0.7399
4 -0.00407020673982 2.66582069544 -0.127613914543 0.145481584243 0.7432
5 -0.00402718581729 2.28785423894 -0.0135873363424 0.115964828672 0.74182
6 -0.00460953333481 2.15186093594 0.0429785959355 0.0808417319332 0.741166666667
7 -0.00533249597584 2.17851244487 0.0208851886147 0.104465797723 0.744085714286
8 -0.00736288115676 1.44348973031 -0.1917168496 0.224132771818 0.7579125
9 -0.00790839637619 1.4240906752 -0.340893814015 0.225151118748 0.764422222222
10 -0.00758884734517 1.42470507501 -0.361176522615 0.233703922327 0.76769
11 -0.00764866155113 1.50865498851 -0.352992907421 0.210144564273 0.772863636364
12 -0.00755417435765 1.60393088646 -0.356391646801 0.202503548719 0.772633333333
13 -0.00769472832307 1.49481087404 -0.287717749173 0.203547320754 0.772330769231
14 -0.00772134728269 1.43477093785 -0.203693523404 0.209407501372 0.772035714286
15 -0.00767957778655 1.41670659613 -0.178829043223 0.214519282003 0.770913333333
16 -0.00762403664941 1.35840553027 -0.105090670829 0.220469250345 0.7686625
17 -0.00773378528233 1.38667046754 -0.0277448289765 0.216931676248 0.768829411765
18 -0.00790985522223 1.35944977851 0.0474738546554 0.217798374501 0.766761111111
19 -0.00783367729748 1.31867009836 0.0979375938371 0.228342742323 0.765263157895
20 -0.00773246524093 1.29215675956 0.149836091997 0.239293544211 0.763925
21 -0.00765622826165 1.30249905316 0.15168840864 0.246259652755 0.762757142857
22 -0.00759925557404 1.27980580088 0.187037815438 0.255644735431 0.761304545455
23 -0.0075278156566 1.28453484624 0.225901333592 0.259134783447 0.760334782609
24 -0.00742510672318 1.27205894455 0.265671533989 0.262029093221 0.759875
25 -0.00734959663419 1.26450404097 0.257644782416 0.264825999728 0.75848
26 -0.00730017405423 1.25361381322 0.290044499639 0.268386316244 0.757296153846
27 -0.0072484090366 1.25100689934 0.267098886459 0.269191401821 0.755803703704
28 -0.00732478011253 1.23268825465 0.234898782666 0.267905314702 0.756585714286
29 -0.00730162874507 1.30134733143 0.240448757805 0.259472032518 0.756586206897
30 -0.00727605020816 1.28158394079 0.234172909767 0.247129386951 0.75517
31 -0.00718257151425 1.28373118747 0.218627611131 0.24682826959 0.754077419355
32 -0.00728939057799 1.34107687375 0.209437317756 0.240882279123 0.753078125
33 -0.00740888760127 1.31896559089 0.228955903414 0.241563441169 0.751857575758
34 -0.00746200510213 1.27628393428 0.244118322714 0.244745183971 0.750738235294
35 -0.00755558401892 1.21319877324 0.255611371977 0.248636398288 0.748865714286
36 -0.00764994681677 1.15421204787 0.280754103396 0.251940324689 0.747538888889
37 -0.00778979956214 1.09056537258 0.308239856371 0.254380725668 0.745805405405
38 -0.00784272933639 1.05186875695 0.318460198466 0.256386960198 0.744089473684
39 -0.00784564560079 1.04929104434 0.333902615359 0.255582475902 0.743325641026
40 -0.00789034133104 1.031293028 0.280386655008 0.256261793375 0.7413675
41 -0.00796746620491 0.996546663381 0.229013767961 0.256962429877 0.738758536585
42 -0.00799776488404 0.980359049091 0.206216766051 0.257095099439 0.736985714286
43 -0.00803374378994 0.958919317486 0.15927471715 0.258258144273 0.734869767442
44 -0.00799295438923 0.957969948928 0.110057439083 0.258861585493 0.733075
45 -0.007973902906 0.972449033348 0.0701920835787 0.257257449644 0.7319
46 -0.00806952824928 0.935009674449 0.0545904188849 0.266220925201 0.72982173913
47 -0.00813323410068 0.945543915509 0.0526681664871 0.272860755651 0.728674468085
48 -0.00822492250437 0.910106634394 0.0321418223629 0.281646088127 0.726847916667
49 -0.00830892806022 0.879457576044 0.0479537276224 0.29071529159 0.725536734694
50 -0.00834294364952 0.857645102845 0.0298557579821 0.298106974892 0.723924
51 -0.0084451231159 0.822483094604 0.0241116907436 0.306361800072 0.722033333333
52 -0.00845700141969 0.806253508784 -0.0265259811634 0.312195958045 0.719871153846
53 -0.00845960112801 0.791960581033 -0.100989157858 0.317334537508 0.717703773585
54 -0.00855659427904 0.772386503063 -0.168042695943 0.32301539712 0.714742592593
55 -0.00856276214896 0.761223776916 -0.238646844787 0.32763502849 0.711469090909
56 -0.00855930657933 0.770923784642 -0.285665546282 0.328689011616 0.708289285714
57 -0.0085133751759 0.776287480929 -0.323331586287 0.329784982492 0.705298245614
58 -0.0085080400132 0.768759611705 -0.379700204454 0.333099494279 0.701584482759
59 -0.00852217883633 0.782916820375 -0.417656193608 0.332539616165 0.698118644068
60 -0.0085500794578 0.769732021475 -0.504472394553 0.336317885426 0.694266666667
61 -0.00856900867145 0.754564078169 -0.592223113333 0.33991642264 0.690885245902
62 -0.00863242117245 0.735717970986 -0.69262190835 0.343359554383 0.687711290323
63 -0.00868010959139 0.72238060239 -0.791554028171 0.346266419359 0.684068253968
64 -0.00865766243721 0.719680984281 -0.855574276739 0.347830212724 0.68060625
65 -0.00872022798136 0.716365203456 -0.949442414996 0.34904543418 0.677483076923
66 -0.00874744255018 0.708883115754 -1.01262409207 0.351162594129 0.674178787879
67 -0.00876238293535 0.702986684284 -1.08392761754 0.351405174456 0.670667164179
68 -0.00876679903104 0.697789176471 -1.14275967245 0.352117516753 0.667519117647
69 -0.00873623531066 0.698460549781 -1.19650145174 0.352494821183 0.663666666667
70 -0.00869881272463 0.697944337855 -1.19200197998 0.351361915143 0.660614285714
71 -0.00867449823943 0.696139163456 -1.21221513076 0.350655940406 0.657915492958
72 -0.00870296866726 0.691950337501 -1.25743844892 0.351343622425 0.654383333333
73 -0.00868216261691 0.68732418015 -1.33177260118 0.352160758617 0.651169863014
74 -0.00865334201545 0.68368092358 -1.39214163789 0.352570848661 0.648506756757
75 -0.00861637616965 0.68270114394 -1.45467291275 0.352539452659 0.645748
76 -0.00857428511231 0.681312266376 -1.47112723783 0.352121364921 0.643064473684
77 -0.00855359921029 0.685184636123 -1.50475190638 0.351682231177 0.640033766234
78 -0.00850714455048 0.687553209218 -1.4899224588 0.350661763594 0.637451282051
79 -0.00846063115581 0.690120708422 -1.46566932341 0.347970673552 0.634649367089
80 -0.00842810300269 0.689834584307 -1.39141385407 0.348214965684 0.63241
81 -0.00841059327735 0.689509821885 -1.30899671182 0.349172522169 0.630483950617
82 -0.00837229338925 0.691757115117 -1.26322533205 0.348620023107 0.628708536585
83 -0.00833408992732 0.694631482631 -1.22667193209 0.347293326338 0.62684939759
84 -0.00829390909497 0.697560364055 -1.18739085828 0.345834522247 0.625095238095
85 -0.00825109220225 0.697546769653 -1.13366706295 0.345245563017 0.62326
86 -0.00821885160697 0.700003529707 -1.10824858948 0.345032570264 0.622472093023
893 -0.00812757977582 0.701373553947 -0.913856006056 0.345790096469 0.616461366181
